815
297 431
333 138
728 803
104 150
329 156
103 100
748 612
317 439
60 370
91 332
391 125
166 1
124 43
361 527
814 685
672 550
795 328
6 8
126 538
144 132
1 13
68 406
39 2
105 90
487 524
452 210
13 533
385 269
369 93
11 123
126 15
311 341
49 314
52 65
270 219
258 400
602 676
96 86
319 359
638 143
51 358
380 392
28 33
456 157
32 73
597 756
468 243
35 109
679 166
267 299
618 326
588 661
494 650
138 113
40 137
133 53
529 786
487 213
62 757
14 315
424 335
728 201
12 8
282 643
326 713
436 166
368 626
619 451
300 357
644 423
58 549
266 88
112 168
205 93
298 339
60 269
300 54
523 363
347 94
132 285
59 179
635 712
720 202
214 246
47 76
594 404
283 89
119 83
65 147
667 221
80 86
68 41
239 177
514 635
435 71
56 69
573 554
173 320
508 465
328 778
743 150
233 709
278 686
303 47
15 599
499 360
724 702
649 54
100 141
11 8
40 23
278 134
434 556
25 402
566 726
145 223
140 204
711 432
352 479
319 72
497 178
417 197
307 133
178 108
513 700
33 90
321 442
146 99
616 116
341 419
418 669
100 258
277 202
98 729
308 251
105 190
430 122
117 34
293 240
284 780
348 17
7 602
208 233
95 267
47 163
1 4
115 29
374 796
671 243
106 173
557 277
161 606
633 171
208 612
340 773
763 272
87 56
5 4
182 770
665 263
702 297
303 771
290 14
46 37
102 153
243 155
610 685
116 111
201 675
678 3
22 9
614 673
121 621
603 403
657 24
745 206
608 250
547 213
639 365
284 59
43 31
167 311
269 609
107 78
381 493
1 49
458 240
326 446
5 20
202 66
52 254
315 630
701 667
145 174
54 4
4 106
128 148
312 31
14 262
53 28
415 755
193 214
2 631
377 365
488 457
520 194
17 29
785 381
550 407
579 271
322 303
51 88
708 267
541 29
175 486
180 224
22 156
696 634
454 300
280 118
185 31
590 732
554 166
563 71
747 532
347 792
101 25
317 415
6 42
389 332
62 324
15 12
787 646
149 96
166 288
25 4
37 195
567 75
383 317
175 44
242 352
682 54
1 27
119 399
585 499
110 589
76 680
507 515
153 215
400 647
572 422
129 74
443 162
691 367
420 719
186 140
98 396
282 19
37 4
748 749
648 590
244 265
344 776
494 242
259 362
545 497
383 694
498 782
93 19
68 95
276 128
238 245
155 207
663 129
131 432
767 491
233 467
44 309
811 19
29 804
534 359
200 52
345 212
769 649
248 155
426 734
19 240
466 334
355 721
205 605
142 552
28 130
254 459
416 356
611 191
632 363
477 158
17 32
331 344
59 78
62 162
317 36
45 27
590 615
646 124
276 328
303 401
637 587
383 624
506 285
568 17
157 3
364 28
518 287
470 267
445 277
339 447
148 201
330 299
241 542
133 158
781 581
256 20
532 144
591 645
365 744
365 485
134 295
169 651
798 368
473 70
441 267
731 716
500 348
106 437
65 244
318 537
246 393
222 186
422 151
35 15
16 12
292 242
382 353
66 674
251 367
272 148
13 52
551 489
622 93
322 444
660 636
10 218
705 338
394 247
304 464
343 24
438 328
57 45
194 29
393 559
247 246
372 462
259 799
181 75
335 239
761 474
461 507
145 45
260 54
526 4
44 6
59 12
37 504
27 386
536 115
272 802
156 231
334 2
143 171
144 716
161 157
37 346
121 388
92 43
805 111
422 601
31 294
327 409
132 58
375 374
45 310
167 69
192 373
535 277
464 760
334 636
207 482
32 34
249 509
104 578
370 484
654 83
74 35
742 690
66 360
517 111
50 128
6 10
23 36
707 543
397 88
14 5
617 666
176 296
85 58
39 628
215 220
188 304
91 815
10 475
62 136
129 176
625 209
169 26
17 10
581 183
560 14
525 69
704 442
61 134
407 325
516 276
110 681
316 102
19 83
235 237
105 404
577 185
372 387
499 562
714 143
27 55
496 92
316 783
121 155
92 448
360 582
29 489
627 304
703 565
56 72
139 570
180 37
34 408
725 206
539 367
87 588
600 113
235 302
692 107
417 469
171 715
232 136
182 171
244 476
11 279
325 48
98 361
326 262
533 591
523 813
76 118
22 569
349 207
196 25
418 394
264 75
571 268
70 48
21 23
429 411
197 64
751 126
217 11
687 488
230 179
19 12
597 104
376 238
54 268
791 810
546 580
449 432
593 677
483 405
183 275
451 474
291 48
268 414
100 80
764 312
234 175
343 351
723 363
192 4
138 784
758 480
653 670
16 211
159 126
479 546
6 3
144 154
214 746
191 180
593 296
385 808
199 180
481 385
137 313
81 63
23 60
455 753
1 21
596 168
273 231
540 440
175 203
380 736
129 501
478 3
684 270
143 121
30 564
451 105
153 772
368 425
18 9
434 797
26 48
43 89
338 125
387 653
97 366
623 151
801 561
121 109
13 261
750 603
93 659
592 595
212 89
440 162
414 513
104 32
50 49
774 512
722 174
754 180
47 66
186 255
298 21
80 733
607 326
31 19
410 242
32 586
258 522
75 74
544 173
587 84
336 330
209 14
46 252
175 318
182 238
91 68
224 428
230 287
108 812
336 642
64 77
216 413
380 145
5 363
125 151
374 54
228 27
31 125
1 2
717 115
265 555
77 98
136 263
558 258
498 163
186 741
236 153
250 14
305 371
590 735
565 330
3 1
10 71
529 46
47 5
26 19
469 490
34 160
302 350
198 95
531 6
110 63
294 759
47 164
7 108
368 132
265 604
28 18
420 63
96 337
641 339
151 412
737 540
51 251
718 223
480 634
287 658
48 177
229 460
561 393
432 809
79 306
182 788
184 33
146 465
503 359
738 693
624 698
152 453
752 689
574 614
386 543
242 195
395 350
193 84
426 19
139 77
257 433
24 2
7 2
379 104
80 42
295 450
656 652
60 82
204 281
661 697
98 219
519 492
102 183
257 249
189 372
102 71
9 640
29 381
131 64
16 165
216 598
629 369
421 143
610 295
131 152
590 37
327 49
40 51
620 303
553 37
566 765
583 475
41 33
366 398
106 208
62 38
55 592
685 793
177 221
323 149
423 779
343 566
56 12
196 206
790 440
381 806
189 169
355 147
511 229
77 142
88 411
22 38
116 683
229 51
514 75
76 99
510 185
491 382
342 227
545 695
67 289
775 545
179 463
710 699
16 297
3 63
37 97
114 36
53 127
172 12
305 3
170 35
46 365
271 104
53 84
125 807
689 65
64 31
367 384
274 739
107 113
471 403
238 730
699 40
613 548
353 274
403 356
200 740
67 187
174 188
132 434
111 30
575 472
495 269
23 30
548 652
120 98
768 123
216 1
294 690
584 425
78 135
259 231
226 45
464 664
80 378
455 221
548 383
261 492
51 461
800 87
171 210
693 325
43 235
3 574
